2
100
353 39
919 905
624 651
859 593
517 959
724 636
788 946
776 403
469 413
818 453
582 593
153 548
40 666
786 602
792 834
22 44
53 534
438 727
887 504
486 728
845 600
787 59
34 620
662 62
5 637
608 182
38 243
867 607
448 116
415 553
961 821
793 88
366 12
53 378
793 424
600 338
781 877
58 488
94 350
445 499
74 715
225 750
577 818
508 98
367 809
78 463
830 809
231 645
517 952
323 954
112 829
18 276
463 463
335 168
971 752
786 507
561 623
781 12
839 59
554 917
998 790
770 344
863 361
524 232
645 503
571 975
198 276
142 726
846 470
78 741
417 576
56 188
188 46
481 867
586 268
283 537
513 629
303 124
809 4
809 531
730 338
764 531
190 2
586 371
553 17
908 801
451 608
153 876
848 98
379 395
268 933
51 62
325 781
682 305
670 522
521 14
871 70
743 442
502 640
303 241
