2
140
27 66
35 14
141 27
145 14
108 18
69 20
20 122
20 37
18 107
31 43
149 16
139 13
22 144
22 94
18 97
40 24
83 51
38 31
134 21
106 20
97 14
15 103
135 29
96 27
11 6
12 116
2 24
98 18
70 40
32 30
85 26
146 12
10 104
10 147
106 24
124 10
120 26
92 27
31 133
78 28
3 51
10 22
14 103
96 11
29 95
21 96
14 35
17 127
125 14
142 11
133 30
31 48
24 147
29 98
110 16
35 116
80 60
83 38
80 34
19 49
105 30
125 22
19 103
128 24
30 126
150 30
101 10
79 45
105 10
96 27
132 23
11 47
33 144
134 23
16 108
127 22
7 7
25 47
132 15
63 58
18 136
27 128
15 8
21 131
34 141
115 16
21 143
27 105
100 19
38 52
30 40
24 39
105 22
31 109
73 51
145 16
28 94
117 18
16 9
63 52
16 134
17 116
26 46
67 45
67 56
29 59
8 38
6 10
141 22
32 143
14 147
71 28
15 109
73 28
83 52
23 127
101 22
69 44
22 116
21 129
79 32
12 23
92 25
18 18
120 20
103 13
28 50
122 30
96 21
107 27
29 44
106 28
61 30
22 103
146 13
143 17
122 28
12 133
124 11
32 117
